# Chunk-averaged data for fix 1 and group all
# Timestep Number-of-chunks Total-count
# Chunk Coord1 Ncount v_temp
2000000 84 10944.000000000004
  1 -0.00609756 0 0
  2 0.00609756 143 0
  3 0.0182927 139 0
  4 0.0304878 145 0
  5 0.0426829 128 0
  6 0.054878 132 0
  7 0.0670732 123 0
  8 0.0792683 130.067 0.157239
  9 0.0914634 130.481 108.794
  10 0.103659 135.558 317.673
  11 0.115854 124.153 317.851
  12 0.128049 146.57 317.786
  13 0.140244 152.645 317.643
  14 0.152439 129.388 316.782
  15 0.164634 135.055 315.541
  16 0.176829 124.215 313.995
  17 0.189024 144.173 312.607
  18 0.20122 137.853 310.529
  19 0.213415 131.274 308.916
  20 0.22561 118.351 306.714
  21 0.237805 130.503 304.644
  22 0.25 143.936 302.85
  23 0.262195 126.698 300.208
  24 0.27439 125.516 300.229
  25 0.286585 128.529 298.825
  26 0.29878 129.924 296.811
  27 0.310976 125.614 295.751
  28 0.323171 119.985 293.302
  29 0.335366 137.318 293.189
  30 0.347561 145.969 292.052
  31 0.359756 146.467 292.149
  32 0.371951 129.226 289.862
  33 0.384146 132.978 289.231
  34 0.396341 137.019 288.268
  35 0.408537 134.702 287.616
  36 0.420732 121.715 286.714
  37 0.432927 135.306 286.517
  38 0.445122 122.668 285.946
  39 0.457317 138.508 283.955
  40 0.469512 143.937 283.644
  41 0.481707 145.184 284.505
  42 0.493902 137.01 283.844
  43 0.506098 121.042 283.245
  44 0.518293 140.066 282.563
  45 0.530488 143.483 282.097
  46 0.542683 136.086 280.673
  47 0.554878 121.508 280.046
  48 0.567073 125.255 279.511
  49 0.579268 139.652 280.396
  50 0.591463 139.885 279.456
  51 0.603659 135.439 279.043
  52 0.615854 125.891 277.53
  53 0.628049 129.999 276.465
  54 0.640244 129.934 276.802
  55 0.652439 124.108 276.236
  56 0.664634 136.103 275.08
  57 0.676829 145.111 275.309
  58 0.689024 145.99 275.223
  59 0.70122 137.308 275.813
  60 0.713415 129.137 275.305
  61 0.72561 136.614 276.068
  62 0.737805 132.796 275.79
  63 0.75 126.226 275.465
  64 0.762195 128.247 275.876
  65 0.77439 129.904 276.598
  66 0.786585 133.889 276.706
  67 0.79878 141.374 276.983
  68 0.810976 148.792 277.998
  69 0.823171 135.818 278.427
  70 0.835366 125.085 277.595
  71 0.847561 125.858 277.676
  72 0.859756 141.138 278.289
  73 0.871951 142.507 278.189
  74 0.884146 120.968 278.097
  75 0.896341 128.554 278.206
  76 0.908537 141.736 74.1136
  77 0.920732 152 0
  78 0.932927 133 0
  79 0.945122 125 0
  80 0.957317 129 0
  81 0.969512 120 0
  82 0.981707 120 0
  83 0.993902 131 0
  84 1.0061 0 0
4000000 84 10944.000000000002
  1 -0.00609756 0 0
  2 0.00609756 143 0
  3 0.0182927 139 0
  4 0.0304878 145 0
  5 0.0426829 128 0
  6 0.054878 132 0
  7 0.0670732 123 0
  8 0.0792683 130.043 0.100286
  9 0.0914634 130.292 107.904
  10 0.103659 134.469 317.719
  11 0.115854 124.66 317.76
  12 0.128049 148.189 318.034
  13 0.140244 153.969 318.063
  14 0.152439 128.32 318.57
  15 0.164634 135.789 318.735
  16 0.176829 124.615 317.763
  17 0.189024 146.05 316.288
  18 0.20122 136.372 315.374
  19 0.213415 132.528 316.114
  20 0.22561 122.068 315.658
  21 0.237805 131.728 315.295
  22 0.25 142.76 315.02
  23 0.262195 126.778 314.017
  24 0.27439 127.003 312.877
  25 0.286585 128.872 312.327
  26 0.29878 126.982 311.249
  27 0.310976 123.302 311.261
  28 0.323171 121.938 309.614
  29 0.335366 134.386 308.911
  30 0.347561 145.89 308.01
  31 0.359756 143.795 307.718
  32 0.371951 131.776 307.227
  33 0.384146 134.622 306.53
  34 0.396341 131.394 306.812
  35 0.408537 141.548 306.45
  36 0.420732 122.161 304.814
  37 0.432927 132.041 304.077
  38 0.445122 127.731 302.766
  39 0.457317 141.229 301.63
  40 0.469512 145.326 301.611
  41 0.481707 142.76 301.569
  42 0.493902 135.033 300.787
  43 0.506098 123.757 300.181
  44 0.518293 140.427 298.805
  45 0.530488 142.528 298.062
  46 0.542683 135.894 297.716
  47 0.554878 118.662 297.324
  48 0.567073 119.479 295.937
  49 0.579268 143.367 295.62
  50 0.591463 132.542 294.434
  51 0.603659 127.172 293.239
  52 0.615854 126.884 292.788
  53 0.628049 130.501 291.73
  54 0.640244 133.941 290.875
  55 0.652439 121.184 290.022
  56 0.664634 133.468 289.616
  57 0.676829 145.892 288.73
  58 0.689024 145.462 288.049
  59 0.70122 138.13 287.485
  60 0.713415 127.731 286.815
  61 0.72561 140.394 286.97
  62 0.737805 132.034 285.79
  63 0.75 129.581 285.048
  64 0.762195 127.382 283.243
  65 0.77439 128.599 283.095
  66 0.786585 132.811 280.875
  67 0.79878 144.355 280.737
  68 0.810976 149.6 280.348
  69 0.823171 134.147 280.41
  70 0.835366 125.173 279.544
  71 0.847561 129.55 278.786
  72 0.859756 141.262 278.47
  73 0.871951 142.407 278.36
  74 0.884146 121.691 278.236
  75 0.896341 129.484 278.386
  76 0.908537 142.093 74.5073
  77 0.920732 152 0
  78 0.932927 133 0
  79 0.945122 125 0
  80 0.957317 129 0
  81 0.969512 120 0
  82 0.981707 120 0
  83 0.993902 131 0
  84 1.0061 0 0
6000000 84 10943.999999999998
  1 -0.00609756 0 0
  2 0.00609756 143 0
  3 0.0182927 139 0
  4 0.0304878 145 0
  5 0.0426829 128 0
  6 0.054878 132 0
  7 0.0670732 123 0
  8 0.0792683 130.012 0.0320157
  9 0.0914634 130.396 108.668
  10 0.103659 134.377 317.844
  11 0.115854 126.494 318.032
  12 0.128049 146.607 317.956
  13 0.140244 155.517 318.007
  14 0.152439 130.068 317.843
  15 0.164634 132.709 317.169
  16 0.176829 124.215 316.219
  17 0.189024 146.863 315.403
  18 0.20122 132.273 315.228
  19 0.213415 129.405 314.447
  20 0.22561 122.849 313.133
  21 0.237805 133.303 312.429
  22 0.25 140.945 312.247
  23 0.262195 125.182 311.93
  24 0.27439 131.687 311.531
  25 0.286585 132.945 311.262
  26 0.29878 126.392 310.281
  27 0.310976 125.174 309.983
  28 0.323171 124.207 307.515
  29 0.335366 134.746 306.167
  30 0.347561 142.868 304.89
  31 0.359756 146.744 304.394
  32 0.371951 130.902 303.64
  33 0.384146 133.63 303.294
  34 0.396341 133.367 302.649
  35 0.408537 141.031 302.867
  36 0.420732 121.751 301.281
  37 0.432927 131.987 300.811
  38 0.445122 124.682 300.317
  39 0.457317 143.126 299.243
  40 0.469512 148.089 298.235
  41 0.481707 142.234 298.693
  42 0.493902 132.668 298.522
  43 0.506098 122.288 297.86
  44 0.518293 142.635 297.447
  45 0.530488 146.809 297.001
  46 0.542683 134.313 296.587
  47 0.554878 116.058 294.929
  48 0.567073 127.372 294.555
  49 0.579268 142.776 293.332
  50 0.591463 134.66 292.912
  51 0.603659 128.982 291.419
  52 0.615854 128.969 289.602
  53 0.628049 129.217 289.382
  54 0.640244 129.647 289.962
  55 0.652439 118.407 289.691
  56 0.664634 131.28 289.112
  57 0.676829 142.895 288.409
  58 0.689024 148.48 288.086
  59 0.70122 137.023 288.062
  60 0.713415 127.914 287.689
  61 0.72561 142.364 286.652
  62 0.737805 131.097 285.554
  63 0.75 127.946 284.625
  64 0.762195 125.536 284.534
  65 0.77439 125.849 282.754
  66 0.786585 135.381 281.373
  67 0.79878 142.95 280.172
  68 0.810976 149.586 280.413
  69 0.823171 133.101 280.615
  70 0.835366 127.504 280.003
  71 0.847561 126.935 278.899
  72 0.859756 143.183 278.369
  73 0.871951 144.037 278.176
  74 0.884146 120.497 278.09
  75 0.896341 127.547 278.226
  76 0.908537 141.319 73.4048
  77 0.920732 152 0
  78 0.932927 133 0
  79 0.945122 125 0
  80 0.957317 129 0
  81 0.969512 120 0
  82 0.981707 120 0
  83 0.993902 131 0
  84 1.0061 0 0
8000000 84 10944.000000000002
  1 -0.00609756 0 0
  2 0.00609756 143 0
  3 0.0182927 139 0
  4 0.0304878 145 0
  5 0.0426829 128 0
  6 0.054878 132 0
  7 0.0670732 123 8.40481e-06
  8 0.0792683 130.061 0.148905
  9 0.0914634 130.158 107.762
  10 0.103659 134.658 318.046
  11 0.115854 127.383 318.011
  12 0.128049 144.147 318.032
  13 0.140244 151.501 317.828
  14 0.152439 129.568 317.507
  15 0.164634 132.687 316.952
  16 0.176829 125.787 315.623
  17 0.189024 147.033 315.267
  18 0.20122 135.082 315.029
  19 0.213415 126.948 313.64
  20 0.22561 121.432 314.027
  21 0.237805 134.809 313.247
  22 0.25 139.866 312.558
  23 0.262195 131.411 312.518
  24 0.27439 132.62 311.864
  25 0.286585 127.827 311.146
  26 0.29878 125.556 310.224
  27 0.310976 129.409 309.048
  28 0.323171 118.107 308.077
  29 0.335366 130.188 308.082
  30 0.347561 144.221 307.694
  31 0.359756 142.719 307.43
  32 0.371951 134.193 305.933
  33 0.384146 136.824 304.492
  34 0.396341 138.188 303.784
  35 0.408537 137.895 303.91
  36 0.420732 122.173 302.808
  37 0.432927 131.217 300.416
  38 0.445122 127.165 298.953
  39 0.457317 140.494 298.135
  40 0.469512 148.613 298.034
  41 0.481707 147.4 296.785
  42 0.493902 132.742 295.816
  43 0.506098 121.673 295.01
  44 0.518293 139.495 294.657
  45 0.530488 149.41 294.645
  46 0.542683 131.11 293.312
  47 0.554878 118.087 292.187
  48 0.567073 127.598 291.063
  49 0.579268 139.552 290.58
  50 0.591463 130.724 290.464
  51 0.603659 128.952 289.545
  52 0.615854 129.289 288.105
  53 0.628049 128.265 286.783
  54 0.640244 129.342 286.199
  55 0.652439 120.984 284.468
  56 0.664634 131.219 284.135
  57 0.676829 141.313 282.675
  58 0.689024 147.916 282.869
  59 0.70122 137.538 282.569
  60 0.713415 127.186 282.347
  61 0.72561 142.295 281.674
  62 0.737805 132.395 280.484
  63 0.75 134.392 280.618
  64 0.762195 133.279 280.103
  65 0.77439 124.083 280.205
  66 0.786585 132.264 279.619
  67 0.79878 141.113 279.628
  68 0.810976 150.479 279.388
  69 0.823171 133.729 278.774
  70 0.835366 125.028 278.522
  71 0.847561 129.311 278.399
  72 0.859756 141.448 278.272
  73 0.871951 141.898 278.132
  74 0.884146 122.541 278.189
  75 0.896341 128.778 278.129
  76 0.908537 141.233 73.3599
  77 0.920732 152 0
  78 0.932927 133 0
  79 0.945122 125 0
  80 0.957317 129 0
  81 0.969512 120 0
  82 0.981707 120 0
  83 0.993902 131 0
  84 1.0061 0 0
10000000 84 10944
  1 -0.00609756 0 0
  2 0.00609756 143 0
  3 0.0182927 139 0
  4 0.0304878 145 0
  5 0.0426829 128 0
  6 0.054878 132 0
  7 0.0670732 123 0
  8 0.0792683 130.032 0.075978
  9 0.0914634 130.086 107.443
  10 0.103659 137.24 317.907
  11 0.115854 128.781 318.216
  12 0.128049 144.377 317.807
  13 0.140244 148.93 318.048
  14 0.152439 128.798 318.09
  15 0.164634 135.723 317.698
  16 0.176829 124.975 316.378
  17 0.189024 147.422 315.942
  18 0.20122 139.435 315.639
  19 0.213415 127.739 314.475
  20 0.22561 115.676 313.906
  21 0.237805 135.735 313.75
  22 0.25 136.619 313.582
  23 0.262195 129.656 312.196
  24 0.27439 125.922 311.147
  25 0.286585 131.064 310.934
  26 0.29878 127.451 309.038
  27 0.310976 128.255 308.061
  28 0.323171 119.767 306.865
  29 0.335366 131.624 307.171
  30 0.347561 144.886 306.9
  31 0.359756 145.816 305.892
  32 0.371951 131.344 305.233
  33 0.384146 136.01 304.601
  34 0.396341 141.334 304.035
  35 0.408537 136.863 303.546
  36 0.420732 123.037 303.282
  37 0.432927 126.98 302
  38 0.445122 128.983 301.513
  39 0.457317 141.865 300.48
  40 0.469512 149.284 299.719
  41 0.481707 141.998 298.933
  42 0.493902 130.296 299.005
  43 0.506098 124.279 299.056
  44 0.518293 137.105 298.48
  45 0.530488 147.598 297.092
  46 0.542683 131.782 295.546
  47 0.554878 116.846 294.077
  48 0.567073 124.506 293.459
  49 0.579268 142.414 292.862
  50 0.591463 137.189 292.024
  51 0.603659 127.293 291.545
  52 0.615854 126.83 291.08
  53 0.628049 130.099 290.622
  54 0.640244 131.977 289.954
  55 0.652439 123.709 289.213
  56 0.664634 127.49 289.035
  57 0.676829 142.756 288.886
  58 0.689024 143.29 288.877
  59 0.70122 138.627 288.021
  60 0.713415 129.962 287.728
  61 0.72561 141.512 287.868
  62 0.737805 130.418 287.953
  63 0.75 133.149 285.314
  64 0.762195 135.996 283.345
  65 0.77439 129.174 282.436
  66 0.786585 132.24 281.972
  67 0.79878 142.354 282.749
  68 0.810976 148.493 282.118
  69 0.823171 135.053 280.898
  70 0.835366 126.748 279.793
  71 0.847561 131.902 278.566
  72 0.859756 136.445 278.38
  73 0.871951 139.908 278.246
  74 0.884146 122.454 278.03
  75 0.896341 128.414 278.065
  76 0.908537 141.985 74.4302
  77 0.920732 152 0
  78 0.932927 133 0
  79 0.945122 125 0
  80 0.957317 129 0
  81 0.969512 120 0
  82 0.981707 120 0
  83 0.993902 131 0
  84 1.0061 0 0
12000000 84 10944.000000000002
  1 -0.00609756 0 0
  2 0.00609756 143 0
  3 0.0182927 139 0
  4 0.0304878 145 0
  5 0.0426829 128 0
  6 0.054878 132 0
  7 0.0670732 123 0
  8 0.0792683 130.035 0.0881459
  9 0.0914634 130.751 108.962
  10 0.103659 136.295 317.925
  11 0.115854 127.467 317.867
  12 0.128049 145.39 317.929
  13 0.140244 148.497 317.959
  14 0.152439 131.615 317.014
  15 0.164634 134.039 316.865
  16 0.176829 126.684 316.767
  17 0.189024 144.963 316.515
  18 0.20122 135.418 315.616
  19 0.213415 126.863 314.143
  20 0.22561 115.34 313.443
  21 0.237805 134.603 313.226
  22 0.25 143.466 313.256
  23 0.262195 124.565 311.855
  24 0.27439 125.425 309.93
  25 0.286585 129.672 309.072
  26 0.29878 125.525 307.75
  27 0.310976 126.88 307.316
  28 0.323171 118.455 305.989
  29 0.335366 135.713 305.985
  30 0.347561 146.626 305.651
  31 0.359756 143.632 305
  32 0.371951 129.877 303.559
  33 0.384146 130.524 302.863
  34 0.396341 140.953 301.623
  35 0.408537 127.53 301.026
  36 0.420732 124.398 301.131
  37 0.432927 134.975 299.905
  38 0.445122 126.269 299.298
  39 0.457317 136.19 297.206
  40 0.469512 150.591 296.062
  41 0.481707 147.8 295.191
  42 0.493902 131.275 295.111
  43 0.506098 123.333 294.646
  44 0.518293 140.29 293.316
  45 0.530488 147.858 293.284
  46 0.542683 135.2 292.483
  47 0.554878 119.412 291.273
  48 0.567073 130.185 290.79
  49 0.579268 145.64 290.143
  50 0.591463 138.952 289.617
  51 0.603659 126.012 289.127
  52 0.615854 130.302 288.908
  53 0.628049 126.535 287.97
  54 0.640244 129.951 287.604
  55 0.652439 122.838 286.602
  56 0.664634 130.545 285.224
  57 0.676829 143.03 284.39
  58 0.689024 146.668 285.176
  59 0.70122 139.527 284.369
  60 0.713415 128.318 284.34
  61 0.72561 136.828 283.819
  62 0.737805 129.326 283.484
  63 0.75 134.046 283.24
  64 0.762195 137.717 283.405
  65 0.77439 119.689 282.304
  66 0.786585 128.563 281.211
  67 0.79878 144.925 281.188
  68 0.810976 150.26 280.386
  69 0.823171 132.525 279.644
  70 0.835366 129.008 279.159
  71 0.847561 134.21 278.896
  72 0.859756 142.404 278.307
  73 0.871951 142.667 278.231
  74 0.884146 120.472 278.147
  75 0.896341 126.63 278.195
  76 0.908537 141.832 74.2513
  77 0.920732 152 0
  78 0.932927 133 0
  79 0.945122 125 0
  80 0.957317 129 0
  81 0.969512 120 0
  82 0.981707 120 0
  83 0.993902 131 0
  84 1.0061 0 0
14000000 84 10944
  1 -0.00609756 0 0
  2 0.00609756 143 0
  3 0.0182927 139 0
  4 0.0304878 145 0
  5 0.0426829 128 0
  6 0.054878 132 0
  7 0.0670732 123 0
  8 0.0792683 130.06 0.159092
  9 0.0914634 130.542 108.448
  10 0.103659 135.509 318.04
  11 0.115854 126.057 317.995
  12 0.128049 145.701 318.031
  13 0.140244 148.708 318.185
  14 0.152439 129.921 318.162
  15 0.164634 133.968 317.514
  16 0.176829 128.197 316.801
  17 0.189024 145.116 316.193
  18 0.20122 136.439 315.062
  19 0.213415 124.336 314.027
  20 0.22561 116.245 312.284
  21 0.237805 130.667 312.688
  22 0.25 138.414 313.187
  23 0.262195 124.33 313.394
  24 0.27439 128.524 312.87
  25 0.286585 127.426 312.884
  26 0.29878 128.958 311.984
  27 0.310976 126.242 311.509
  28 0.323171 124.754 308.901
  29 0.335366 126.842 307.315
  30 0.347561 145.156 306.557
  31 0.359756 143.781 306.028
  32 0.371951 135.299 305.719
  33 0.384146 130.016 304.926
  34 0.396341 135.769 304.925
  35 0.408537 129.879 304.397
  36 0.420732 125.281 303.355
  37 0.432927 133.302 302.39
  38 0.445122 129.296 301.471
  39 0.457317 141.594 300.785
  40 0.469512 151.66 300.129
  41 0.481707 142.426 299.27
  42 0.493902 129.326 298.394
  43 0.506098 126.829 298.17
  44 0.518293 137.169 296.97
  45 0.530488 142.256 296.895
  46 0.542683 139.543 296.621
  47 0.554878 120.789 295.652
  48 0.567073 129.442 294.091
  49 0.579268 141.267 293.161
  50 0.591463 142.051 292.694
  51 0.603659 132.283 291.689
  52 0.615854 125.084 290.698
  53 0.628049 131.246 289.373
  54 0.640244 130.371 289.014
  55 0.652439 126.394 288.495
  56 0.664634 128.701 289.296
  57 0.676829 141.866 289.682
  58 0.689024 147.654 289.485
  59 0.70122 139.51 288.889
  60 0.713415 131.282 287.926
  61 0.72561 135.062 287.708
  62 0.737805 127.235 286.567
  63 0.75 135.169 285.528
  64 0.762195 133.943 285.255
  65 0.77439 121.901 283.826
  66 0.786585 126.32 283.175
  67 0.79878 142.954 281.656
  68 0.810976 151.038 281.122
  69 0.823171 135.054 279.828
  70 0.835366 129.385 278.964
  71 0.847561 134.749 277.759
  72 0.859756 142.126 278.05
  73 0.871951 141.883 278.195
  74 0.884146 123.66 278.273
  75 0.896341 128.42 278.36
  76 0.908537 141.622 74.0217
  77 0.920732 152 0
  78 0.932927 133 0
  79 0.945122 125 0
  80 0.957317 129 0
  81 0.969512 120 0
  82 0.981707 120 0
  83 0.993902 131 0
  84 1.0061 0 0
16000000 84 10943.999999999998
  1 -0.00609756 0 0
  2 0.00609756 143 0
  3 0.0182927 139 0
  4 0.0304878 145 0
  5 0.0426829 128 0
  6 0.054878 132 0
  7 0.0670732 123 0
  8 0.0792683 130.014 0.032193
  9 0.0914634 130.583 108.602
  10 0.103659 136.726 318.213
  11 0.115854 128.029 317.99
  12 0.128049 144.174 318.01
  13 0.140244 149.454 317.968
  14 0.152439 130.021 317.309
  15 0.164634 132.3 315.97
  16 0.176829 124.76 314.626
  17 0.189024 148.798 314.434
  18 0.20122 133.262 314.459
  19 0.213415 125.192 314.4
  20 0.22561 117.941 313.326
  21 0.237805 134.193 313.301
  22 0.25 134.391 312.974
  23 0.262195 127.603 312.125
  24 0.27439 129.353 310.839
  25 0.286585 130.334 309.065
  26 0.29878 127.101 308.107
  27 0.310976 131.468 307.056
  28 0.323171 126.613 306.038
  29 0.335366 138.181 306.034
  30 0.347561 145.574 306.086
  31 0.359756 138.317 305.084
  32 0.371951 130.336 304.966
  33 0.384146 134.693 304.125
  34 0.396341 135.9 303.791
  35 0.408537 127.362 301.387
  36 0.420732 121.552 300.606
  37 0.432927 131.976 300.33
  38 0.445122 128.592 299.634
  39 0.457317 138.1 298.634
  40 0.469512 142.978 297.497
  41 0.481707 138.568 297.328
  42 0.493902 136.296 297.901
  43 0.506098 133.336 297.078
  44 0.518293 130.292 296.519
  45 0.530488 135.042 294.641
  46 0.542683 135.864 294.036
  47 0.554878 124.323 293.1
  48 0.567073 130.73 292.395
  49 0.579268 134.823 291.424
  50 0.591463 137.978 290.999
  51 0.603659 132.907 289.933
  52 0.615854 126.605 289.119
  53 0.628049 133.451 288.093
  54 0.640244 128.085 287.414
  55 0.652439 127.386 286.455
  56 0.664634 134.554 286.09
  57 0.676829 140.385 285.446
  58 0.689024 145.874 284.954
  59 0.70122 140.581 284.963
  60 0.713415 133.922 285.172
  61 0.72561 140.731 283.961
  62 0.737805 134.592 284.013
  63 0.75 134.086 283.229
  64 0.762195 130.441 283.173
  65 0.77439 127.025 282.275
  66 0.786585 130.725 281.495
  67 0.79878 142.379 280.955
  68 0.810976 146.998 279.943
  69 0.823171 137.008 279.498
  70 0.835366 125.741 278.52
  71 0.847561 134.07 278.44
  72 0.859756 140.635 278.385
  73 0.871951 140.783 278.326
  74 0.884146 121.48 278.217
  75 0.896341 128.446 278.247
  76 0.908537 141.989 74.4845
  77 0.920732 152 0
  78 0.932927 133 0
  79 0.945122 125 0
  80 0.957317 129 0
  81 0.969512 120 0
  82 0.981707 120 0
  83 0.993902 131 0
  84 1.0061 0 0
18000000 84 10944.000000000004
  1 -0.00609756 0 0
  2 0.00609756 143 0
  3 0.0182927 139 0
  4 0.0304878 145 0
  5 0.0426829 128 0
  6 0.054878 132 0
  7 0.0670732 123 0
  8 0.0792683 130.009 0.0233233
  9 0.0914634 130.385 108.405
  10 0.103659 135.86 318.257
  11 0.115854 129.308 317.976
  12 0.128049 145.39 317.994
  13 0.140244 145.577 317.845
  14 0.152439 128.469 318.135
  15 0.164634 134.556 316.857
  16 0.176829 124.474 316.165
  17 0.189024 143.303 315.262
  18 0.20122 133.7 315.366
  19 0.213415 124.355 315.264
  20 0.22561 118.86 313.695
  21 0.237805 136.619 312.625
  22 0.25 129.618 313.215
  23 0.262195 126.465 312.467
  24 0.27439 126.055 310.94
  25 0.286585 134.767 309.682
  26 0.29878 135.352 309.831
  27 0.310976 128.851 309.201
  28 0.323171 122.629 308.227
  29 0.335366 138.443 307.262
  30 0.347561 155.056 306.946
  31 0.359756 142.171 306.519
  32 0.371951 124.512 306.084
  33 0.384146 134.754 305.262
  34 0.396341 139.712 304.431
  35 0.408537 130.693 302.587
  36 0.420732 123.391 301.127
  37 0.432927 132.809 299.893
  38 0.445122 125.733 299.842
  39 0.457317 141.021 298.89
  40 0.469512 139.116 298.476
  41 0.481707 139.375 298.653
  42 0.493902 140.713 298.482
  43 0.506098 130.228 296.855
  44 0.518293 132.13 296.15
  45 0.530488 138.353 295.479
  46 0.542683 131.862 293.821
  47 0.554878 124.763 294.162
  48 0.567073 128.906 294.724
  49 0.579268 135.822 293.868
  50 0.591463 128.143 293.211
  51 0.603659 133.897 293.02
  52 0.615854 126.58 292.921
  53 0.628049 133.852 292.197
  54 0.640244 130.183 290.872
  55 0.652439 124.523 289.037
  56 0.664634 135.607 288.849
  57 0.676829 138.22 288.954
  58 0.689024 145.432 288.868
  59 0.70122 139.893 288.107
  60 0.713415 131.216 286.436
  61 0.72561 142.188 285.862
  62 0.737805 134.792 284.298
  63 0.75 133.65 284.265
  64 0.762195 131.503 282.702
  65 0.77439 125.172 282.147
  66 0.786585 130.248 280.951
  67 0.79878 141.694 280.628
  68 0.810976 151.748 280.359
  69 0.823171 136.034 280.6
  70 0.835366 125.93 279.234
  71 0.847561 132.319 279.106
  72 0.859756 142.329 278.286
  73 0.871951 142.624 278.21
  74 0.884146 121.822 278.19
  75 0.896341 128.928 278.292
  76 0.908537 141.305 73.5073
  77 0.920732 152 0
  78 0.932927 133 0
  79 0.945122 125 0
  80 0.957317 129 0
  81 0.969512 120 0
  82 0.981707 120 0
  83 0.993902 131 0
  84 1.0061 0 0
20000000 84 10944.000000000002
  1 -0.00609756 0 0
  2 0.00609756 143 0
  3 0.0182927 139 0
  4 0.0304878 145 0
  5 0.0426829 128 0
  6 0.054878 132 0
  7 0.0670732 123 3.30741e-05
  8 0.0792683 130.057 0.141998
  9 0.0914634 130.549 108.101
  10 0.103659 134.803 317.864
  11 0.115854 127.258 317.898
  12 0.128049 146.853 317.826
  13 0.140244 148.218 318.08
  14 0.152439 128.022 317.269
  15 0.164634 134.221 316.59
  16 0.176829 125.901 316.336
  17 0.189024 146.302 317.081
  18 0.20122 131.924 315.99
  19 0.213415 127.373 314.676
  20 0.22561 119.702 315.436
  21 0.237805 133.137 314.288
  22 0.25 127.106 313.101
  23 0.262195 133.992 312.077
  24 0.27439 122.83 310.849
  25 0.286585 135.343 309.233
  26 0.29878 137.107 308.644
  27 0.310976 131.567 308.159
  28 0.323171 128.558 306.786
  29 0.335366 136.624 306.295
  30 0.347561 159.024 306.28
  31 0.359756 142.366 305.462
  32 0.371951 127.462 305.423
  33 0.384146 132.522 305.042
  34 0.396341 139.624 304.484
  35 0.408537 125.531 303.636
  36 0.420732 118.728 302.701
  37 0.432927 132.877 301.084
  38 0.445122 127.248 301.012
  39 0.457317 141.388 299.432
  40 0.469512 141.842 298.22
  41 0.481707 138.65 297.582
  42 0.493902 141.966 297.568
  43 0.506098 128.078 297.161
  44 0.518293 134.496 296.094
  45 0.530488 136.068 294.799
  46 0.542683 136.834 294.511
  47 0.554878 123.758 294.045
  48 0.567073 123.121 293.697
  49 0.579268 129.815 292.818
  50 0.591463 132.443 292.143
  51 0.603659 130.037 292.229
  52 0.615854 128.957 291.698
  53 0.628049 129.151 289.952
  54 0.640244 127.082 289.04
  55 0.652439 121.282 288.682
  56 0.664634 134.104 289.405
  57 0.676829 139.021 289.702
  58 0.689024 143.284 289.239
  59 0.70122 139.623 288.586
  60 0.713415 130.705 287.871
  61 0.72561 143.257 286.571
  62 0.737805 135.11 285.831
  63 0.75 140.785 284.333
  64 0.762195 128.826 283.393
  65 0.77439 125.546 282.165
  66 0.786585 131.647 281.289
  67 0.79878 140 280.405
  68 0.810976 148.586 280.667
  69 0.823171 134.158 280.902
  70 0.835366 126.561 279.961
  71 0.847561 135.193 278.407
  72 0.859756 142.871 278.131
  73 0.871951 143.597 278.273
  74 0.884146 123.022 278.32
  75 0.896341 129.198 278.402
  76 0.908537 141.111 73.2644
  77 0.920732 152 0
  78 0.932927 133 0
  79 0.945122 125 0
  80 0.957317 129 0
  81 0.969512 120 0
  82 0.981707 120 0
  83 0.993902 131 0
  84 1.0061 0 0
